0 0
2.05207 1
3.13086 2
3.7453 3
4.14047 4
4.43444 5
4.68421 6
4.91741 7
5.1475 8
5.38117 9
5.62185 10
5.87139 11
6.1309 12
6.40114 13
6.68273 14
6.97618 15
7.28202 16
7.60072 17
7.93281 18
8.2788 19
8.63921 20
9.0146 21
9.4055 22
9.81251 23
10.2362 24
10.6772 25
11.1361 26
11.6135 27
12.11 28
12.6264 29
13.1633 30
13.7214 31
14.3013 32
14.9037 33
15.5294 34
16.179 35
16.8533 36
17.553 37
18.2787 38
19.0313 39
19.8114 40
20.6197 41
21.457 42
22.3238 43
23.2209 44
24.1489 45
25.1084 46
26.1 47
27.1243 48
28.1818 49
29.273 50
30.3983 51
31.5581 52
32.7526 53
33.9823 54
35.2471 55
36.5474 56
37.8829 57
39.2537 58
40.6596 59
42.1003 60
43.5753 61
45.0843 62
46.6263 63
48.2008 64
49.8067 65
51.443 66
53.1083 67
54.8013 68
56.5203 69
58.2635 70
60.0291 71
61.8148 72
63.6183 73
65.4372 74
67.2686 75
69.1098 76
70.9575 77
72.8085 78
74.6595 79
76.5067 80
78.3463 81
80.1745 82
81.9872 83
83.7802 84
85.549 85
87.2895 86
88.997 87
90.667 88
92.295 89
93.8764 90
